version https://git-lfs.github.com/spec/v1
oid sha256:e50d4ba1015069f0e3aaee56c58816edc00c755677b9d4a4e83ab31cdfd0c981
size 39255631
